STRAND Own Ship Data 1.00							

ABC							
PlanetMayo							
DEF							
HMSIanMayo							

999.9	999.9						

22/07/09							

Time	Course	Speed	Depth	Drift-C	Drift-S	Lat	Long
03:50:04	259.28	8.8261	30.98	0	0	5	30
03:50:12	258.91	8.8261	31.1	0	0	5	30
03:50:20	259.01	8.8261	31.1	0	0	5	30
03:50:27	259.62	8.8261	30.98	0	0	5	30
03:50:36	260.36	8.8261	31.1	0	0	5	30
03:50:44	260.56	8.8399	31.1	0	0	5	30
03:50:52	260.29	8.8538	30.86	0	0	5	30
03:51:00	259.43	8.8538	30.98	0	0	5	30
03:51:08	258.85	8.8677	31.1	0	0	5	30
03:51:16	258.8	8.8677	30.98	0	0	5	30
03:51:24	259.18	8.8538	30.98	0	0	5	30
03:51:32	260.1	8.8538	31.1	0	0	5	30
03:51:40	260.69	8.8469	31.1	0	0	5	30
03:51:48	260.78	8.8469	30.86	0	0	5	30
03:51:56	260.29	8.8261	30.98	0	0	5	30
03:52:04	259.54	8.8608	30.98	0	0	5	30
03:52:12	258.98	8.8469	30.86	0	0	5	30
03:52:20	258.85	8.8191	30.98	0	0	5	30
03:52:27	259.15	8.8261	30.98	0	0	5	30
03:52:36	260.16	8.8399	30.98	0	0	5	30
03:52:44	260.72	8.8399	30.98	0	0	5	30
03:52:52	260.68	8.8399	30.98	0	0	5	30
03:53:00	260.22	8.8399	31.1	0	0	5	30
03:53:08	259.37	8.7914	31.1	0	0	5	30
03:53:16	258.66	8.6942	30.98	0	0	5	30
03:53:24	258.75	8.604	30.86	0	0	5	30
03:53:32	258.72	8.4999	30.98	0	0	5	30
03:53:40	257.42	8.3404	30.86	0	0	5	30
03:53:48	255.32	8.2571	30.86	0	0	5	30
03:53:56	252.58	8.1669	30.98	0	0	5	30
03:54:04	249.42	8.0212	31.22	0	0	5	30
03:54:12	245.97	7.8477	31.34	0	0	5	30
03:54:20	242.39	7.5355	31.22	0	0	5	30
03:54:27	239.06	7.251	31.34	0	0	5	30
03:54:36	234.48	6.9942	31.58	0	0	5	30
03:54:44	230.53	6.8624	31.83	0	0	5	30
03:54:52	226.65	6.6751	31.95	0	0	5	30
03:55:00	222.92	6.5224	31.83	0	0	5	30
03:55:08	219.22	6.2934	31.58	0	0	5	30
03:55:16	216.07	6.0714	31.58	0	0	5	30
03:55:24	213.58	5.9604	31.46	0	0	5	30
03:55:32	211.57	5.9049	31.34	0	0	5	30
03:55:40	210.43	5.8355	31.34	0	0	5	30
03:55:48	210.04	5.78	31.1	0	0	5	30
03:55:56	209.71	5.78	31.1	0	0	5	30
03:56:04	209.36	5.7245	31.1	0	0	5	30
03:56:12	209.04	5.6898	31.1	0	0	5	30
03:56:20	208.93	5.6898	30.5	0	0	5	30
03:56:27	208.92	5.6134	29.66	0	0	5	30
03:56:36	208.98	5.5649	28.45	0	0	5	30
03:56:44	209.34	5.5649	27.49	0	0	5	30
03:56:52	209.47	5.5094	26.64	0	0	5	30
03:57:00	209.58	5.4747	25.56	0	0	5	30
03:57:08	209.62	5.4469	24.35	0	0	5	30
03:57:16	209.63	5.3914	23.27	0	0	5	30
03:57:24	209.67	5.3151	22.42	0	0	5	30
03:57:32	209.67	5.3359	21.58	0	0	5	30
03:57:40	209.63	5.3567	20.73	0	0	5	30
03:57:48	209.59	5.3289	20.25	0	0	5	30
03:57:56	209.48	5.3081	20.01	0	0	5	30
03:58:04	209.32	5.2596	20.01	0	0	5	30
03:58:12	208.96	5.2457	19.77	0	0	5	30
03:58:20	208.8	5.1971	19.89	0	0	5	30
03:58:27	208.65	5.2457	20.13	0	0	5	30
03:58:36	208.61	5.2943	20.01	0	0	5	30
03:58:44	208.68	5.2734	19.53	0	0	5	30
03:58:52	208.99	5.1902	19.17	0	0	5	30
03:59:00	209.21	5.1069	18.81	0	0	5	30
03:59:08	209.28	5.0028	18.44	0	0	5	30
03:59:16	209.49	4.9681	18.44	0	0	5	30
03:59:24	209.53	4.9681	18.56	0	0	5	30
03:59:32	209.62	5.0375	18.44	0	0	5	30
03:59:40	209.78	4.9612	18.32	0	0	5	30
03:59:48	209.71	4.9126	18.2	0	0	5	30
03:59:56	209.33	4.9265	18.08	0	0	5	30
04:00:04	208.71	4.9057	18.2	0	0	5	30
04:00:12	208.33	4.8363	18.44	0	0	5	30
04:00:20	208.04	4.8016	18.44	0	0	5	30
04:00:27	208.08	4.7392	18.44	0	0	5	30
04:00:36	208.22	4.7461	18.2	0	0	5	30
04:00:44	208.55	4.6628	18.08	0	0	5	30
04:00:52	208.61	4.5934	18.08	0	0	5	30
04:01:00	208.73	4.5865	18.32	0	0	5	30
04:01:08	208.81	4.5032	18.44	0	0	5	30
04:01:16	208.91	4.5241	18.44	0	0	5	30
04:01:24	209.14	4.5657	18.08	0	0	5	30
04:01:32	209.06	4.5865	17.84	0	0	5	30
04:01:40	208.86	4.4755	17.72	0	0	5	30
04:01:48	208.53	4.4269	17.84	0	0	5	30
04:01:56	208.28	4.42	18.2	0	0	5	30
04:02:04	208.16	4.4477	18.44	0	0	5	30
04:02:12	208.25	4.4477	18.32	0	0	5	30
04:02:20	208.19	4.4616	18.2	0	0	5	30
04:02:27	208.28	4.4755	18.2	0	0	5	30
04:02:36	208.49	4.42	18.2	0	0	5	30
04:02:44	208.73	4.3853	18.2	0	0	5	30
04:02:52	208.99	4.3298	18.44	0	0	5	30
04:03:00	209.15	4.3783	18.56	0	0	5	30
04:03:08	209.31	4.3922	18.44	0	0	5	30
04:03:16	209.41	4.3783	18.44	0	0	5	30
04:03:24	209.43	4.3228	18.32	0	0	5	30
04:03:32	209.24	4.3298	18.32	0	0	5	30
04:03:40	209.05	4.3506	18.2	0	0	5	30
04:03:48	208.89	4.3645	18.44	0	0	5	30
04:03:56	208.72	4.3853	18.56	0	0	5	30
04:04:04	208.47	4.3714	18.69	0	0	5	30
04:04:12	207.93	4.2881	18.69	0	0	5	30
04:04:20	207.78	4.2951	18.44	0	0	5	30
04:04:27	207.94	4.3575	18.44	0	0	5	30
04:04:36	208.06	4.3159	18.2	0	0	5	30
04:04:44	207.87	4.3367	18.08	0	0	5	30
04:04:52	208.56	4.3367	17.84	0	0	5	30
04:05:00	209.01	4.309	17.84	0	0	5	30
04:05:08	209.4	4.3159	18.08	0	0	5	30
04:05:16	209.55	4.2951	18.2	0	0	5	30
04:05:24	209.5	4.2396	18.44	0	0	5	30
04:05:32	209.46	4.2881	19.17	0	0	5	30
04:05:40	209.2	4.2326	18.93	0	0	5	30
04:05:48	208.79	4.1841	18.44	0	0	5	30
04:05:56	208.65	4.1563	18.08	0	0	5	30
04:06:04	208.49	4.1424	17.96	0	0	5	30
04:06:12	208.11	4.1424	17.84	0	0	5	30
04:06:20	207.77	4.1979	17.72	0	0	5	30
04:06:27	207.7	4.2118	17.96	0	0	5	30
04:06:36	207.85	4.1841	18.93	0	0	5	30
04:06:44	208.24	4.1563	18.56	0	0	5	30
04:06:52	208.6	4.1632	18.81	0	0	5	30
04:07:00	208.87	4.2049	18.56	0	0	5	30
04:07:08	208.96	4.2118	18.2	0	0	5	30
04:07:16	209.13	4.1632	17.96	0	0	5	30
04:07:24	209.05	4.191	17.72	0	0	5	30
04:07:32	208.91	4.2326	17.84	0	0	5	30
04:07:40	208.67	4.1355	17.72	0	0	5	30
04:07:48	208.67	4.1355	17.84	0	0	5	30
04:07:56	208.69	4.1771	18.2	0	0	5	30
04:08:04	208.69	4.1841	18.56	0	0	5	30
04:08:12	208.96	4.1841	18.81	0	0	5	30
04:08:20	209.72	4.2188	18.69	0	0	5	30
04:08:27	210.43	4.1563	18.56	0	0	5	30
04:08:36	211.12	4.1216	18.56	0	0	5	30
04:08:44	212.58	4.1494	18.44	0	0	5	30
04:08:52	214.36	4.1841	18.56	0	0	5	30
04:09:00	216.32	4.1216	18.56	0	0	5	30
04:09:08	218.28	4.1216	18.56	0	0	5	30
04:09:16	220.16	4.1216	18.56	0	0	5	30
04:09:24	222.53	4.1216	18.56	0	0	5	30
04:09:32	224.87	4.1216	18.81	0	0	5	30
04:09:40	227.21	4.1008	18.81	0	0	5	30
04:09:48	229.69	4.1285	18.56	0	0	5	30
04:09:56	232.65	4.1285	18.44	0	0	5	30
04:10:04	234.97	4.073	18.2	0	0	5	30
04:10:12	236.73	4.0106	18.2	0	0	5	30
04:10:20	238.15	4.08	18.44	0	0	5	30
04:10:27	239.01	4.1147	18.44	0	0	5	30
04:10:36	239.9	4.1147	18.81	0	0	5	30
04:10:44	240.34	4.0314	18.93	0	0	5	30
04:10:52	240.92	3.9898	18.93	0	0	5	30
04:11:00	240.92	4.0453	18.56	0	0	5	30
04:11:08	240.69	4.0592	18.32	0	0	5	30
04:11:16	240.73	4.0383	18.2	0	0	5	30
04:11:24	240.84	4.0245	18.08	0	0	5	30
04:11:32	240.72	4.073	18.2	0	0	5	30
04:11:40	240.46	4.1008	18.44	0	0	5	30
04:11:48	239.96	4.0939	18.56	0	0	5	30
04:11:56	239.58	4.1494	18.81	0	0	5	30
04:12:04	239.25	4.2396	18.69	0	0	5	30
04:12:12	239.08	4.302	18.56	0	0	5	30
04:12:20	238.99	4.2673	18.56	0	0	5	30
04:12:27	239	4.3228	18.44	0	0	5	30
04:12:36	239.18	4.3645	18.2	0	0	5	30
04:12:44	239.12	4.3922	18.2	0	0	5	30
04:12:52	239.32	4.4339	18.2	0	0	5	30
04:13:00	239.42	4.4477	18.44	0	0	5	30
04:13:08	239.64	4.5171	18.44	0	0	5	30
04:13:16	239.98	4.5726	18.56	0	0	5	30
04:13:24	240.23	4.5934	18.56	0	0	5	30
04:13:32	240.33	4.5865	18.44	0	0	5	30
04:13:40	240.35	4.6143	18.32	0	0	5	30
04:13:48	240.26	4.6073	18.32	0	0	5	30
04:13:56	240.07	4.6975	18.44	0	0	5	30
04:14:04	239.99	4.7738	18.93	0	0	5	30
04:14:12	240.06	4.7461	18.81	0	0	5	30
04:14:20	240.03	4.753	18.44	0	0	5	30
04:14:27	239.77	4.7322	18.56	0	0	5	30
04:14:36	239.47	4.7738	18.32	0	0	5	30
04:14:44	239.29	4.8085	18.2	0	0	5	30
04:14:52	238.89	4.7738	18.2	0	0	5	30
04:15:00	238.82	4.8016	18.2	0	0	5	30
04:15:08	238.71	4.8363	18.44	0	0	5	30
04:15:16	238.6	4.8432	18.44	0	0	5	30
04:15:24	238.76	4.8779	18.32	0	0	5	30
04:15:32	238.71	4.9889	18.2	0	0	5	30
04:15:40	238.82	5.0375	18.2	0	0	5	30
04:15:48	239.38	5.0236	18.32	0	0	5	30
04:15:56	239.76	4.9196	18.44	0	0	5	30
04:16:04	239.73	4.9543	18.56	0	0	5	30
04:16:12	239.69	4.982	18.44	0	0	5	30
04:16:20	239.39	4.9612	18.56	0	0	5	30
04:16:27	239.3	4.9612	18.44	0	0	5	30
04:16:36	239.14	4.9681	18.32	0	0	5	30
04:16:44	238.8	4.9404	18.2	0	0	5	30
04:16:52	238.73	4.9334	18.2	0	0	5	30
04:17:00	238.67	4.9612	18.44	0	0	5	30
04:17:08	238.85	4.9612	18.44	0	0	5	30
04:17:16	238.99	4.9543	18.44	0	0	5	30
04:17:24	239.25	5.0722	18.56	0	0	5	30
04:17:32	239.62	5.0583	18.56	0	0	5	30
04:17:40	240	5.0583	18.93	0	0	5	30
04:17:48	239.79	5.0722	18.44	0	0	5	30
04:17:56	239.42	5.1208	18.32	0	0	5	30
04:18:04	239.78	5.1347	17.96	0	0	5	30
04:18:12	239.73	5.1138	17.84	0	0	5	30
04:18:20	239.45	5.1208	18.08	0	0	5	30
04:18:27	239.22	5.1485	18.44	0	0	5	30
04:18:36	238.65	5.1208	18.44	0	0	5	30
04:18:44	238.5	5.0722	18.44	0	0	5	30
04:18:52	238.78	5.0792	18.08	0	0	5	30
04:19:00	239.17	5.1069	17.84	0	0	5	30
04:19:08	239.61	5.1138	17.96	0	0	5	30
04:19:16	239.71	5.1277	18.08	0	0	5	30
04:19:24	239.99	5.1485	18.44	0	0	5	30
04:19:32	240.41	5.1	18.69	0	0	5	30
04:19:40	240.7	5.093	18.32	0	0	5	30
04:19:48	240.69	5.0306	17.96	0	0	5	30
04:19:56	240.56	5.0445	17.96	0	0	5	30
04:20:04	239.89	5.0375	18.08	0	0	5	30
04:20:12	239.63	5.0445	18.08	0	0	5	30
04:20:20	239.24	5.0583	17.96	0	0	5	30
04:20:27	238.96	5.0306	18.08	0	0	5	30
04:20:36	238.89	5.0167	18.2	0	0	5	30
04:20:44	238.78	5.0375	18.08	0	0	5	30
04:20:52	239.07	5.0583	17.84	0	0	5	30
04:21:00	239.43	5.1138	17.84	0	0	5	30
04:21:08	239.75	5.0722	17.96	0	0	5	30
04:21:16	239.71	5.0375	18.44	0	0	5	30
04:21:24	239.89	5.0306	18.44	0	0	5	30
04:21:32	239.97	5.0445	18.44	0	0	5	30
04:21:40	239.93	5.0098	18.44	0	0	5	30
04:21:48	239.4	5.0236	18.44	0	0	5	30
04:21:56	238.91	5.0306	18.44	0	0	5	30
04:22:04	238.81	5.0445	18.56	0	0	5	30
04:22:12	238.57	5.0445	18.69	0	0	5	30
04:22:20	238.66	5.0653	18.56	0	0	5	30
04:22:27	238.96	5.0861	18.56	0	0	5	30
04:22:36	239.7	5.1485	18.44	0	0	5	30
04:22:44	240.2	5.0514	18.32	0	0	5	30
04:22:52	240.21	5.0653	18.56	0	0	5	30
04:23:00	239.94	5.0653	18.93	0	0	5	30
04:23:08	240.13	5.0236	18.44	0	0	5	30
04:23:16	239.82	5.0653	18.2	0	0	5	30
04:23:24	239.53	5.1347	18.08	0	0	5	30
04:23:32	239.05	5.1555	18.2	0	0	5	30
04:23:40	239.13	5.1416	18.44	0	0	5	30
04:23:48	239.25	5.0861	18.56	0	0	5	30
04:23:56	239.13	5.0445	18.81	0	0	5	30
04:24:04	239.21	5.0861	18.81	0	0	5	30
04:24:12	239.34	5.0861	18.81	0	0	5	30
04:24:20	239.33	5.1138	18.69	0	0	5	30
04:24:27	239.32	5.1624	18.69	0	0	5	30
04:24:36	239.48	5.1832	18.44	0	0	5	30
04:24:44	239.44	5.2041	18.44	0	0	5	30
04:24:52	239.56	5.2249	18.44	0	0	5	30
04:25:00	239.76	5.1971	18.44	0	0	5	30
04:25:08	239.95	5.2179	18.44	0	0	5	30
04:25:16	240.07	5.1694	18.56	0	0	5	30
04:25:24	239.9	5.1416	18.56	0	0	5	30
04:25:32	240.19	5.1485	18.2	0	0	5	30
04:25:40	240.27	5.1347	18.32	0	0	5	30
04:25:48	240.1	5.1624	18.56	0	0	5	30
04:25:56	239.97	5.1624	18.69	0	0	5	30
04:26:04	239.95	5.1694	18.56	0	0	5	30
04:26:12	239.64	5.1624	18.56	0	0	5	30
04:26:20	239.61	5.1	18.08	0	0	5	30
04:26:27	239.45	5.0792	17.84	0	0	5	30
04:26:36	239.02	5.1416	19.05	0	0	5	30
04:26:44	238.9	5.1347	18.56	0	0	5	30
04:26:52	238.93	5.1347	18.93	0	0	5	30
04:27:00	238.99	5.1277	18.93	0	0	5	30
04:27:08	239.14	5.0861	18.56	0	0	5	30
04:27:16	239.33	5.1138	18.32	0	0	5	30
04:27:24	239.39	5.0375	18.08	0	0	5	30
04:27:32	239.78	5.0653	18.08	0	0	5	30
04:27:40	240.01	5.0653	18.08	0	0	5	30
04:27:48	239.84	5.1138	18.08	0	0	5	30
04:27:56	239.75	5.1555	18.2	0	0	5	30
04:28:04	239.43	5.1624	18.32	0	0	5	30
04:28:12	238.99	5.0722	18.44	0	0	5	30
04:28:20	238.84	5.093	18.44	0	0	5	30
04:28:27	238.86	5.093	18.44	0	0	5	30
04:28:36	239.23	4.9959	18.2	0	0	5	30
04:28:44	239.31	5.0167	18.32	0	0	5	30
04:28:52	239.24	5.0375	18.56	0	0	5	30
04:29:00	239.45	5.093	18.44	0	0	5	30
04:29:08	239.77	5.0861	18.44	0	0	5	30
04:29:16	240.23	5.1208	18.32	0	0	5	30
04:29:24	240.33	5.1555	18.2	0	0	5	30
04:29:32	240.35	5.1208	18.2	0	0	5	30
04:29:40	240.36	5.1138	18.08	0	0	5	30
04:29:48	240.13	5.1208	18.08	0	0	5	30
04:29:56	240.21	5.093	17.72	0	0	5	30
04:30:04	239.66	5.0514	17.96	0	0	5	30
04:30:12	239.17	5.1069	18.08	0	0	5	30
04:30:20	238.97	5.1277	18.44	0	0	5	30
04:30:27	238.95	5.1624	18.56	0	0	5	30
04:30:36	239.63	5.0653	18.56	0	0	5	30
04:30:44	239.92	5.0722	18.2	0	0	5	30
04:30:52	240.06	5.1069	17.96	0	0	5	30
04:31:00	239.94	5.1138	18.08	0	0	5	30
04:31:08	239.64	5.1694	18.81	0	0	5	30
04:31:16	239.85	5.1624	18.93	0	0	5	30
04:31:24	240.33	5.0306	18.56	0	0	5	30
04:31:32	240.36	5.0167	18.56	0	0	5	30
04:31:40	240.1	5.0167	19.17	0	0	5	30
04:31:48	239.9	5.0167	18.81	0	0	5	30
04:31:56	239.52	5.0098	18.69	0	0	5	30
04:32:04	238.92	4.982	18.56	0	0	5	30
04:32:12	238.79	4.9889	18.32	0	0	5	30
04:32:20	239.02	5.0306	18.08	0	0	5	30
04:32:27	239.28	4.9681	18.08	0	0	5	30
04:32:36	240.02	5.0375	18.56	0	0	5	30
04:32:44	240.23	5.093	18.56	0	0	5	30
04:32:52	240.18	5.093	18.69	0	0	5	30
04:33:00	239.98	5.1138	18.69	0	0	5	30
04:33:08	239.46	5.1416	18.56	0	0	5	30
04:33:16	239.03	5.1555	18.44	0	0	5	30
04:33:24	238.88	5.1208	18.32	0	0	5	30
04:33:32	239.05	5.0792	18.2	0	0	5	30
04:33:40	239.26	4.9959	18.44	0	0	5	30
04:33:48	239.55	4.9889	18.44	0	0	5	30
04:33:56	239.78	4.9959	18.56	0	0	5	30
04:34:04	240.09	5.093	18.69	0	0	5	30
04:34:12	240.36	5.1	18.44	0	0	5	30
04:34:20	240.35	5.093	18.44	0	0	5	30
04:34:27	240.44	5.0445	18.44	0	0	5	30
04:34:36	240.58	5.0375	18.32	0	0	5	30
04:34:44	240.75	5.0306	18.2	0	0	5	30
04:34:52	240.69	5.0445	18.44	0	0	5	30
04:35:00	240.21	4.982	18.44	0	0	5	30
04:35:08	239.69	5.0583	18.93	0	0	5	30
04:35:16	239.09	5.0236	18.93	0	0	5	30
04:35:24	238.77	4.982	18.93	0	0	5	30
04:35:32	238.63	5.0098	18.93	0	0	5	30
04:35:40	238.91	5.0583	18.69	0	0	5	30
04:35:48	239.71	5.093	18.32	0	0	5	30
04:35:56	239.96	5.093	18.08	0	0	5	30
04:36:04	240.02	5.0792	18.08	0	0	5	30
04:36:12	240.3	5.0375	18.44	0	0	5	30
04:36:20	240.49	5.0653	18.44	0	0	5	30
04:36:27	240.35	5.1138	18.56	0	0	5	30
04:36:36	240.23	5.1485	18.44	0	0	5	30
04:36:44	240.35	5.1138	18.56	0	0	5	30
04:36:52	240.7	4.982	18.32	0	0	5	30
04:37:00	240.84	5.0098	18.08	0	0	5	30
04:37:08	240.58	5.0583	18.44	0	0	5	30
04:37:16	240.14	5.0236	18.69	0	0	5	30
04:37:24	239.55	4.9959	18.93	0	0	5	30
04:37:32	238.95	4.9959	18.93	0	0	5	30
04:37:40	238.73	5.0514	18.81	0	0	5	30
04:37:48	238.78	5.0167	18.93	0	0	5	30
04:37:56	239.02	5.0167	18.93	0	0	5	30
04:38:04	239.72	5.0445	18.69	0	0	5	30
04:38:12	240.08	5.0792	18.56	0	0	5	30
04:38:20	240.45	5.0306	18.32	0	0	5	30
04:38:27	240.53	5.0028	18.2	0	0	5	30
04:38:36	240.56	5.0375	18.32	0	0	5	30
04:38:44	240.06	5.0098	18.44	0	0	5	30
04:38:52	239.57	5.0722	18.44	0	0	5	30
04:39:00	239.25	5.1277	18.44	0	0	5	30
04:39:08	238.95	5.1	18.44	0	0	5	30
04:39:16	238.53	5.1138	18.56	0	0	5	30
04:39:24	238.31	5.093	18.56	0	0	5	30
04:39:32	238.68	5.1277	18.81	0	0	5	30
04:39:40	239.25	5.1485	18.93	0	0	5	30
04:39:48	240.14	5.1069	18.44	0	0	5	30
04:39:56	240.17	5.0375	18.2	0	0	5	30
04:40:04	239.91	4.9889	18.2	0	0	5	30
04:40:12	239.71	5.0098	18.32	0	0	5	30
04:40:20	239.25	5.1208	18.69	0	0	5	30
04:40:27	239.33	5.1555	18.81	0	0	5	30
04:40:36	238.79	5.0722	18.32	0	0	5	30
04:40:44	239.13	5.1763	17.84	0	0	5	30
04:40:52	239.46	5.2041	17.96	0	0	5	30
04:41:00	239.86	5.1555	18.08	0	0	5	30
04:41:08	240.27	5.0792	18.44	0	0	5	30
04:41:16	240.1	5.0583	18.69	0	0	5	30
04:41:24	239.98	4.9612	18.81	0	0	5	30
04:41:32	239.72	5.0445	18.93	0	0	5	30
04:41:40	239.34	5.0792	18.93	0	0	5	30
04:41:48	239.09	5.093	18.44	0	0	5	30
04:41:56	238.68	5.1138	18.44	0	0	5	30
04:42:04	238.66	5.1555	18.56	0	0	5	30
04:42:12	239.24	5.0722	18.32	0	0	5	30
04:42:20	239.62	4.9959	18.44	0	0	5	30
04:42:27	240	4.9543	18.81	0	0	5	30
04:42:36	239.73	4.9543	19.17	0	0	5	30
04:42:44	239.98	4.9681	19.05	0	0	5	30
04:42:52	239.98	5.0028	18.81	0	0	5	30
04:43:00	239.9	5.0653	18.44	0	0	5	30
04:43:08	239.9	5.0514	17.96	0	0	5	30
04:43:16	239.96	4.9959	17.72	0	0	5	30
04:43:24	239.8	5.0445	17.84	0	0	5	30
04:43:32	239.52	5.1208	18.56	0	0	5	30
04:43:40	239.45	5.1069	18.81	0	0	5	30
04:43:48	239.64	5.0792	18.81	0	0	5	30
04:43:56	239.58	5.0792	18.93	0	0	5	30
04:44:04	239.87	5.1485	18.93	0	0	5	30
04:44:12	240.19	5.1069	18.93	0	0	5	30
04:44:20	240.02	5.0861	18.93	0	0	5	30
04:44:27	239.82	5.0722	18.69	0	0	5	30
04:44:36	239.57	5.0792	18.56	0	0	5	30
04:44:44	239.16	5.0306	18.81	0	0	5	30
04:44:52	238.99	5.0514	18.44	0	0	5	30
04:45:00	238.81	5.0375	18.44	0	0	5	30
04:45:08	238.69	5.0167	18.44	0	0	5	30
04:45:16	238.55	5.093	18.44	0	0	5	30
04:45:24	238.57	5.0653	18.32	0	0	5	30
04:45:32	238.97	5.0722	18.32	0	0	5	30
04:45:40	239.39	5.0722	18.56	0	0	5	30
04:45:48	239.5	5.1138	18.44	0	0	5	30
04:45:56	239.43	5.1208	18.69	0	0	5	30
04:46:04	239.75	5.1277	18.93	0	0	5	30
04:46:12	240.03	5.1555	18.93	0	0	5	30
04:46:20	240.34	5.1624	18.93	0	0	5	30
04:46:27	240.6	5.1208	18.93	0	0	5	30
04:46:36	240.43	5.0445	18.93	0	0	5	30
04:46:44	240.21	5.093	18.93	0	0	5	30
04:46:52	240.19	5.1624	18.93	0	0	5	30
04:47:00	240.33	5.1138	18.69	0	0	5	30
04:47:08	240.19	5.0445	18.56	0	0	5	30
04:47:16	239.43	5.0792	18.56	0	0	5	30
04:47:24	239.13	5.0722	18.44	0	0	5	30
04:47:32	238.75	5.0375	18.32	0	0	5	30
04:47:40	238.56	5.0722	18.32	0	0	5	30
04:47:48	238.67	5.0861	18.44	0	0	5	30
04:47:56	238.9	5.1069	18.32	0	0	5	30
04:48:04	239.16	5.0722	18.32	0	0	5	30
04:48:12	239.68	5.0583	18.08	0	0	5	30
04:48:20	239.58	5.1138	18.32	0	0	5	30
04:48:27	239.61	5.1416	18.44	0	0	5	30
04:48:36	239.58	5.1347	18.44	0	0	5	30
04:48:44	240.07	5.0583	17.96	0	0	5	30
04:48:52	240.45	4.9543	17.48	0	0	5	30
04:49:00	240.33	5.0792	17.48	0	0	5	30
04:49:08	240.1	5.0306	17.48	0	0	5	30
04:49:16	239.64	4.9959	17.84	0	0	5	30
04:49:24	239.71	5.0236	18.32	0	0	5	30
04:49:32	239.47	4.9889	18.93	0	0	5	30
04:49:40	239.49	4.9959	19.05	0	0	5	30
04:49:48	239.2	5.0583	19.17	0	0	5	30
04:49:56	239.1	5.0653	18.56	0	0	5	30
04:50:04	239.41	5.0792	17.96	0	0	5	30
04:50:12	239.44	5.0514	17.84	0	0	5	30
04:50:20	239.59	4.9889	17.96	0	0	5	30
04:50:27	239.86	4.9543	18.08	0	0	5	30
04:50:36	240.23	4.9543	17.96	0	0	5	30
04:50:44	240.16	4.9265	17.72	0	0	5	30
04:50:52	240.14	4.9473	17.72	0	0	5	30
04:51:00	240.29	4.9889	17.72	0	0	5	30
04:51:08	239.99	5.0028	18.08	0	0	5	30
04:51:16	239.62	4.9543	17.96	0	0	5	30
04:51:24	239.58	4.982	18.2	0	0	5	30
04:51:32	239.49	4.9889	18.08	0	0	5	30
04:51:40	239.64	4.9196	17.6	0	0	5	30
04:51:48	239.71	4.8918	17.6	0	0	5	30
04:51:56	239.82	4.9612	17.6	0	0	5	30
04:52:04	239.46	4.9959	18.2	0	0	5	30
04:52:12	239.6	5.0028	18.69	0	0	5	30
04:52:20	239.61	5.0098	18.56	0	0	5	30
04:52:27	239.77	5.0583	18.56	0	0	5	30
04:52:36	239.97	5.0653	18.32	0	0	5	30
04:52:44	240.21	4.9889	18.08	0	0	5	30
04:52:52	240.19	4.9959	17.84	0	0	5	30
04:53:00	239.89	5.0028	18.08	0	0	5	30
04:53:08	239.39	5.0445	18.44	0	0	5	30
04:53:16	239.23	5.0306	18.56	0	0	5	30
04:53:24	239	5.0167	18.93	0	0	5	30
04:53:32	239.08	5.0167	18.44	0	0	5	30
04:53:40	239.29	4.9265	17.96	0	0	5	30
04:53:48	239.6	4.9057	17.84	0	0	5	30
04:53:56	239.43	4.9196	18.08	0	0	5	30
04:54:04	239.95	4.9334	18.08	0	0	5	30
04:54:12	240.47	4.9334	17.96	0	0	5	30
04:54:20	240.49	4.9681	18.08	0	0	5	30
04:54:27	239.98	4.9612	18.08	0	0	5	30
04:54:36	239.92	5.0306	18.08	0	0	5	30
04:54:44	239.77	5.093	18.08	0	0	5	30
04:54:52	239.73	5.0445	17.84	0	0	5	30
04:55:00	239.6	5.0028	17.72	0	0	5	30
04:55:08	239.44	5.0098	17.84	0	0	5	30
04:55:16	239.2	4.9751	18.08	0	0	5	30
04:55:24	238.91	5.0028	18.44	0	0	5	30
04:55:32	238.94	5.0445	18.44	0	0	5	30
04:55:40	238.94	5.0583	18.2	0	0	5	30
04:55:48	239.06	4.982	17.96	0	0	5	30
04:55:56	239.16	4.9473	17.96	0	0	5	30
04:56:04	239.36	4.982	18.08	0	0	5	30
04:56:12	239.62	5.0792	18.69	0	0	5	30
04:56:20	239.78	5.093	18.81	0	0	5	30
04:56:27	239.92	5.0445	18.69	0	0	5	30
04:56:36	240.29	5.0514	18.2	0	0	5	30
04:56:44	240.47	5.1	17.84	0	0	5	30
04:56:52	240.48	5.1208	17.72	0	0	5	30
04:57:00	240.32	5.0653	17.6	0	0	5	30
04:57:08	239.83	5.0098	17.72	0	0	5	30
04:57:16	239.4	4.9612	18.08	0	0	5	30
04:57:24	238.91	4.9889	18.08	0	0	5	30
04:57:32	238.39	5.0167	18.08	0	0	5	30
04:57:40	238.16	5.0167	18.08	0	0	5	30
04:57:48	238.66	4.9889	18.08	0	0	5	30
04:57:56	238.95	4.982	18.08	0	0	5	30
04:58:04	238.96	4.9196	18.93	0	0	5	30
04:58:12	238.96	4.9473	18.93	0	0	5	30
04:58:20	239.22	4.982	18.93	0	0	5	30
04:58:27	239.72	5.0098	18.56	0	0	5	30
04:58:36	239.52	5.0236	18.81	0	0	5	30
04:58:44	239.87	4.9612	18.44	0	0	5	30
04:58:52	240.3	4.9126	18.08	0	0	5	30
04:59:00	240.36	4.8918	18.44	0	0	5	30
04:59:08	240.08	4.9543	18.69	0	0	5	30
04:59:16	240.58	4.9404	18.44	0	0	5	30
04:59:24	240.18	4.8779	17.96	0	0	5	30
04:59:32	239.99	4.9265	17.84	0	0	5	30
04:59:40	240.06	4.8779	17.84	0	0	5	30
04:59:48	239.91	4.8571	18.08	0	0	5	30
04:59:56	239.91	4.8779	18.08	0	0	5	30
05:00:04	240	5.0375	18.08	0	0	5	30
05:00:12	239.93	5.0583	18.44	0	0	5	30
05:00:20	239.75	5.0306	18.44	0	0	5	30
05:00:27	240.02	5.0236	17.96	0	0	5	30
05:00:36	240.12	5.0098	17.72	0	0	5	30
05:00:44	239.89	4.9889	17.84	0	0	5	30
05:00:52	239.94	4.9126	17.72	0	0	5	30
05:01:00	239.86	4.9334	17.84	0	0	5	30
05:01:08	239.82	5.0028	18.44	0	0	5	30
05:01:16	239.62	5.093	18.56	0	0	5	30
05:01:24	239.7	5.0722	18.32	0	0	5	30
05:01:32	239.8	4.9265	18.2	0	0	5	30
05:01:40	239.6	4.8849	17.96	0	0	5	30
05:01:48	239.69	4.9196	17.96	0	0	5	30
05:01:56	239.34	4.9265	18.56	0	0	5	30
05:02:04	238.91	4.9959	19.05	0	0	5	30
05:02:12	238.93	5.1069	19.17	0	0	5	30
05:02:20	239.42	5.0514	18.69	0	0	5	30
05:02:27	239.85	4.9334	18.69	0	0	5	30
05:02:36	239.63	4.9681	18.56	0	0	5	30
05:02:44	239.66	5.0306	18.69	0	0	5	30
05:02:52	240.24	4.982	18.44	0	0	5	30
05:03:00	240.34	4.9751	18.08	0	0	5	30
05:03:08	240.32	4.9057	17.96	0	0	5	30
05:03:16	240	4.9265	18.81	0	0	5	30
05:03:24	239.71	4.9612	18.93	0	0	5	30
05:03:32	239.32	4.9959	19.17	0	0	5	30
05:03:40	239.16	5.0653	19.05	0	0	5	30
05:03:48	239.45	5.0445	18.69	0	0	5	30
05:03:56	239.75	5.0514	18.56	0	0	5	30
05:04:04	240.05	5.0722	18.81	0	0	5	30
05:04:12	240.22	5.0028	18.44	0	0	5	30
05:04:20	240.81	4.9404	17.72	0	0	5	30
05:04:27	240.42	4.871	17.6	0	0	5	30
05:04:36	240.12	4.8571	17.84	0	0	5	30
05:04:44	239.7	4.8502	18.44	0	0	5	30
05:04:52	239.28	4.8987	18.56	0	0	5	30
05:05:00	239.04	4.9265	18.44	0	0	5	30
05:05:08	238.65	4.8571	18.32	0	0	5	30
05:05:16	238.39	4.8502	18.56	0	0	5	30
05:05:24	238.74	4.8849	18.81	0	0	5	30
05:05:32	238.99	4.9404	18.69	0	0	5	30
05:05:40	239.27	4.8849	18.56	0	0	5	30
05:05:48	239.33	4.8779	18.81	0	0	5	30
05:05:56	239.35	4.8987	18.93	0	0	5	30
05:06:04	239.36	4.9265	18.69	0	0	5	30
05:06:12	239.89	4.9265	18.44	0	0	5	30
05:06:20	239.97	4.8224	18.44	0	0	5	30
05:06:27	240.02	4.8016	18.69	0	0	5	30
05:06:36	239.9	4.8155	18.44	0	0	5	30
05:06:44	239.6	4.8571	18.08	0	0	5	30
05:06:52	239.22	4.8502	17.72	0	0	5	30
05:07:00	238.71	4.8502	17.72	0	0	5	30
05:07:08	238.29	4.8918	18.08	0	0	5	30
05:07:16	238.83	4.9126	18.56	0	0	5	30
05:07:24	239.4	4.9334	18.44	0	0	5	30
05:07:32	239.75	4.9473	17.96	0	0	5	30
05:07:40	239.98	4.8918	17.72	0	0	5	30
05:07:48	239.94	4.871	17.72	0	0	5	30
05:07:56	239.62	4.8918	17.96	0	0	5	30
05:08:04	239.28	4.9196	18.08	0	0	5	30
05:08:12	239.25	4.8987	17.84	0	0	5	30
05:08:20	239.48	4.8987	17.84	0	0	5	30
05:08:27	239.81	4.8571	17.96	0	0	5	30
05:08:36	239.68	4.8432	17.96	0	0	5	30
05:08:44	239.51	4.8224	17.84	0	0	5	30
05:08:52	239.79	4.8918	17.72	0	0	5	30
05:09:00	240.25	4.9334	17.72	0	0	5	30
05:09:08	239.78	4.9543	17.84	0	0	5	30
05:09:16	239.56	4.9959	17.84	0	0	5	30
05:09:24	239.54	5.0445	17.72	0	0	5	30
05:09:32	239.75	5.0375	17.96	0	0	5	30
05:09:40	240.11	5.0514	17.96	0	0	5	30
05:09:48	240.24	5.0306	19.17	0	0	5	30
05:09:56	240.1	5.0167	18.2	0	0	5	30
05:10:04	239.51	4.982	17.96	0	0	5	30
05:10:12	239.47	4.8779	17.6	0	0	5	30
05:10:20	239.23	4.871	17.84	0	0	5	30
05:10:27	238.74	4.8849	18.08	0	0	5	30
05:10:36	238.17	4.871	18.44	0	0	5	30
05:10:44	238.15	4.8849	18.32	0	0	5	30
05:10:52	238.4	4.9057	18.44	0	0	5	30
05:11:00	238.85	4.8641	18.44	0	0	5	30
05:11:08	238.91	4.8918	18.44	0	0	5	30
05:11:16	238.97	4.9265	18.44	0	0	5	30
05:11:24	239.43	4.9681	18.08	0	0	5	30
05:11:32	239.94	4.9543	17.72	0	0	5	30
05:11:40	240.3	4.9265	17.72	0	0	5	30
05:11:48	240.3	4.9126	18.08	0	0	5	30
05:11:56	239.81	4.982	18.08	0	0	5	30
05:12:04	239.73	4.9334	17.96	0	0	5	30
05:12:12	239.66	4.9543	17.36	0	0	5	30
05:12:20	239.6	4.9057	17.12	0	0	5	30
05:12:27	239.51	4.871	17.48	0	0	5	30
05:12:36	239.48	4.9196	18.08	0	0	5	30
05:12:44	239.22	5.0792	18.93	0	0	5	30
05:12:52	239	5.1624	18.93	0	0	5	30
05:13:00	238.79	5.1763	18.56	0	0	5	30
05:13:08	239.05	5.1763	18.44	0	0	5	30
05:13:16	239.23	5.1555	18.69	0	0	5	30
05:13:24	239.55	5.1208	19.17	0	0	5	30
05:13:32	239.84	5.0792	18.93	0	0	5	30
05:13:40	239.52	5.0306	18.81	0	0	5	30
05:13:48	239.37	5.0306	18.81	0	0	5	30
05:13:56	239.34	4.9751	19.05	0	0	5	30
05:14:04	239.09	4.9959	19.17	0	0	5	30
05:14:12	238.98	4.9126	18.81	0	0	5	30
05:14:20	239.54	4.9057	18.32	0	0	5	30
05:14:27	240.07	4.8918	18.32	0	0	5	30
05:14:36	240.57	4.8918	18.44	0	0	5	30
05:14:44	240.39	4.8849	18.56	0	0	5	30
05:14:52	240.24	4.8987	18.56	0	0	5	30
05:15:00	239.92	4.9196	18.44	0	0	5	30
05:15:08	239.39	4.9057	18.44	0	0	5	30
05:15:16	239.17	4.8571	18.44	0	0	5	30
05:15:24	238.94	4.8849	18.44	0	0	5	30
05:15:32	238.86	4.9057	18.44	0	0	5	30
05:15:40	239.07	4.8987	18.32	0	0	5	30
05:15:48	240.23	4.8571	18.08	0	0	5	30
05:15:56	240.58	4.8432	17.96	0	0	5	30
05:16:04	240.27	4.8155	18.08	0	0	5	30
05:16:12	240.06	4.8224	17.96	0	0	5	30
05:16:20	239.6	4.8641	18.2	0	0	5	30
05:16:27	239.02	4.9057	18.56	0	0	5	30
05:16:36	238.53	4.9265	18.81	0	0	5	30
05:16:44	238.55	4.9473	18.44	0	0	5	30
05:16:52	238.43	4.9404	18.32	0	0	5	30
05:17:00	238.85	4.8779	18.44	0	0	5	30
05:17:08	239.73	4.8363	18.69	0	0	5	30
05:17:16	239.98	4.9126	19.05	0	0	5	30
05:17:24	239.96	4.9265	18.56	0	0	5	30
05:17:32	240.24	4.8363	18.44	0	0	5	30
05:17:40	240.49	4.8155	18.56	0	0	5	30
05:17:48	240.41	4.8502	18.32	0	0	5	30
05:17:56	239.92	4.8363	17.96	0	0	5	30
05:18:04	239.57	4.8987	17.84	0	0	5	30
05:18:12	239.26	4.8918	18.08	0	0	5	30
05:18:20	238.86	4.8849	18.32	0	0	5	30
05:18:27	238.82	4.8641	18.44	0	0	5	30
05:18:36	238.76	4.7947	18.2	0	0	5	30
05:18:44	238.86	4.8085	18.32	0	0	5	30
05:18:52	238.63	4.8224	18.56	0	0	5	30
05:19:00	238.79	4.8363	18.93	0	0	5	30
05:19:08	238.95	4.8779	19.05	0	0	5	30
05:19:16	239.18	4.8363	18.93	0	0	5	30
05:19:24	239.54	4.8294	18.44	0	0	5	30
05:19:32	239.62	4.7322	18.69	0	0	5	30
05:19:40	239.49	4.7947	19.05	0	0	5	30
05:19:48	239.12	4.8502	19.05	0	0	5	30
05:19:56	238.96	4.8571	18.81	0	0	5	30
05:20:04	238.92	4.7947	18.69	0	0	5	30
05:20:12	239	4.7392	18.69	0	0	5	30
05:20:20	239.16	4.7183	18.81	0	0	5	30
05:20:27	239.22	4.6559	18.69	0	0	5	30
05:20:36	239.21	4.649	18.44	0	0	5	30
05:20:44	239.01	4.6698	18.2	0	0	5	30
05:20:52	239.07	4.649	18.08	0	0	5	30
05:21:00	239.05	4.7183	19.17	0	0	5	30
05:21:08	239.13	4.7877	18.32	0	0	5	30
05:21:16	239.44	4.7322	18.32	0	0	5	30
05:21:24	239.84	4.6906	18.08	0	0	5	30
05:21:32	239.8	4.7392	17.84	0	0	5	30
05:21:40	239.57	4.7183	17.84	0	0	5	30
05:21:48	239.04	4.6906	17.84	0	0	5	30
05:21:56	239.13	4.7392	17.72	0	0	5	30
05:22:04	239.17	4.7183	18.08	0	0	5	30
05:22:12	239.19	4.7669	18.08	0	0	5	30
05:22:20	239.11	4.8155	18.08	0	0	5	30
05:22:27	239.2	4.8155	18.56	0	0	5	30
05:22:36	239.44	4.8155	18.81	0	0	5	30
05:22:44	239.5	4.8294	18.44	0	0	5	30
05:22:52	239.29	4.7947	18.32	0	0	5	30
05:23:00	239.21	4.76	18.08	0	0	5	30
05:23:08	239.62	4.8016	18.56	0	0	5	30
05:23:16	239.47	4.7808	18.93	0	0	5	30
05:23:24	239.61	4.7183	18.93	0	0	5	30
05:23:32	239.55	4.76	18.93	0	0	5	30
05:23:40	239.57	4.76	18.81	0	0	5	30
05:23:48	239.32	4.8085	18.44	0	0	5	30
05:23:56	238.99	4.7738	18.32	0	0	5	30
05:24:04	238.89	4.6767	18.56	0	0	5	30
05:24:12	238.7	4.7183	18.93	0	0	5	30
05:24:20	238.87	4.8155	18.69	0	0	5	30
05:24:27	239.09	4.8294	18.44	0	0	5	30
05:24:36	239.25	4.8363	18.44	0	0	5	30
05:24:44	239.24	4.8294	18.69	0	0	5	30
05:24:52	239.21	4.7947	18.81	0	0	5	30
05:25:00	239.44	4.8155	18.81	0	0	5	30
05:25:08	239.38	4.8224	18.56	0	0	5	30
05:25:16	239.92	4.8363	18.32	0	0	5	30
05:25:24	240.12	4.8294	18.56	0	0	5	30
05:25:32	239.95	4.8224	18.56	0	0	5	30
05:25:40	240.17	4.8294	18.44	0	0	5	30
05:25:48	240.12	4.8294	18.44	0	0	5	30
05:25:56	239.91	4.8224	18.44	0	0	5	30
05:26:04	239.67	4.8155	18.69	0	0	5	30
05:26:12	239.32	4.8155	18.56	0	0	5	30
05:26:20	238.78	4.7877	18.2	0	0	5	30
05:26:27	238.4	4.7461	18.08	0	0	5	30
05:26:36	238.57	4.76	18.81	0	0	5	30
05:26:44	238.84	4.7877	19.05	0	0	5	30
05:26:52	239.93	4.753	18.93	0	0	5	30
05:27:00	239.98	4.6767	18.69	0	0	5	30
05:27:08	239.75	4.7045	18.44	0	0	5	30
05:27:16	239.9	4.7669	18.32	0	0	5	30
05:27:24	239.35	4.8849	18.2	0	0	5	30
05:27:32	239.27	4.8987	18.08	0	0	5	30
05:27:40	238.85	4.8224	18.08	0	0	5	30
05:27:48	238.96	4.76	17.6	0	0	5	30
05:27:56	239.11	4.7669	17.72	0	0	5	30
05:28:04	239.11	4.8016	17.96	0	0	5	30
05:28:12	239.23	4.8224	18.08	0	0	5	30
05:28:20	239.14	4.8085	18.2	0	0	5	30
05:28:27	239.26	4.753	17.96	0	0	5	30
05:28:36	239.35	4.8016	18.2	0	0	5	30
05:28:44	239.49	4.8224	18.44	0	0	5	30
05:28:52	239.46	4.7669	18.56	0	0	5	30
05:29:00	239.42	4.7322	18.56	0	0	5	30
05:29:08	239.57	4.6767	18.56	0	0	5	30
05:29:16	239	4.7183	18.56	0	0	5	30
05:29:24	238.93	4.8155	18.32	0	0	5	30
05:29:32	239.06	4.76	18.08	0	0	5	30
05:29:40	239.18	4.8016	18.08	0	0	5	30
05:29:48	239.44	4.7808	18.08	0	0	5	30
05:29:56	239.67	4.76	18.56	0	0	5	30
05:30:04	239.95	4.7322	18.44	0	0	5	30
05:30:12	240.08	4.6836	18.2	0	0	5	30
05:30:20	240.08	4.7114	18.08	0	0	5	30
05:30:27	240.08	4.7947	18.08	0	0	5	30
05:30:36	239.85	4.7183	18.32	0	0	5	30
05:30:44	239.43	4.7461	18.44	0	0	5	30
05:30:52	239.19	4.7669	18.44	0	0	5	30
05:31:00	238.93	4.753	18.44	0	0	5	30
05:31:08	238.88	4.8016	18.44	0	0	5	30
05:31:16	238.91	4.8294	18.44	0	0	5	30
05:31:24	239.16	4.8432	18.32	0	0	5	30
05:31:32	239.22	4.8294	18.2	0	0	5	30
05:31:40	239.38	4.8294	18.08	0	0	5	30
05:31:48	239.89	4.7738	17.96	0	0	5	30
05:31:56	240.1	4.7947	18.44	0	0	5	30
05:32:04	239.98	4.8016	18.44	0	0	5	30
05:32:12	239.82	4.8294	18.32	0	0	5	30
05:32:20	239.41	4.8155	18.08	0	0	5	30
05:32:27	238.89	4.8294	18.2	0	0	5	30
05:32:36	239.06	4.8363	18.69	0	0	5	30
05:32:44	239.35	4.8155	18.81	0	0	5	30
05:32:52	239.8	4.7183	18.69	0	0	5	30
05:33:00	239.83	4.6767	18.44	0	0	5	30
05:33:08	240.24	4.6351	18.44	0	0	5	30
05:33:16	240.13	4.649	19.05	0	0	5	30
05:33:24	239.84	4.6628	19.77	0	0	5	30
05:33:32	239.23	4.6975	20.01	0	0	5	30
05:33:40	239.02	4.6767	19.89	0	0	5	30
05:33:48	239.16	4.6143	19.65	0	0	5	30
05:33:56	239.24	4.6073	20.01	0	0	5	30
05:34:04	239.54	4.6767	20.98	0	0	5	30
05:34:12	240.22	4.6836	21.82	0	0	5	30
05:34:20	241.19	4.7045	21.82	0	0	5	30
05:34:27	242.28	4.6975	22.3	0	0	5	30
05:34:36	243.93	4.6143	22.42	0	0	5	30
05:34:44	245.82	4.7183	22.78	0	0	5	30
05:34:52	247.92	4.7183	23.27	0	0	5	30
05:35:00	250.07	4.6975	23.39	0	0	5	30
05:35:08	252.38	4.5934	23.03	0	0	5	30
05:35:16	254.59	4.642	22.9	0	0	5	30
05:35:24	257.11	4.76	22.9	0	0	5	30
05:35:32	259.95	4.8779	22.78	0	0	5	30
05:35:40	262.73	5.0653	22.9	0	0	5	30
05:35:48	265.64	5.1277	23.03	0	0	5	30
05:35:56	268.61	5.2457	23.03	0	0	5	30
05:36:04	271.48	5.4261	22.54	0	0	5	30
05:36:12	274.91	5.4955	21.82	0	0	5	30
05:36:20	277.92	5.5649	21.94	0	0	5	30
05:36:27	281.04	5.6689	21.7	0	0	5	30
05:36:36	285.42	5.5787	21.7	0	0	5	30
05:36:44	289.26	5.6481	21.94	0	0	5	30
05:36:52	293.25	5.662	21.82	0	0	5	30
05:37:00	297.48	5.5232	21.7	0	0	5	30
05:37:08	301.57	5.433	21.94	0	0	5	30
05:37:16	306.08	5.3983	21.7	0	0	5	30
05:37:24	310.44	5.3498	21.46	0	0	5	30
05:37:32	314.6	5.3498	21.46	0	0	5	30
05:37:40	318.81	5.2041	21.82	0	0	5	30
05:37:48	322.65	5.1624	23.03	0	0	5	30
05:37:56	326.78	5.0861	22.42	0	0	5	30
05:38:04	330.28	4.9612	22.3	0	0	5	30
05:38:12	333.93	4.9404	21.7	0	0	5	30
05:38:20	337.5	4.8987	21.22	0	0	5	30
05:38:27	340.47	4.871	21.7	0	0	5	30
05:38:36	344.23	4.8918	22.78	0	0	5	30
05:38:44	347.65	4.8502	22.3	0	0	5	30
05:38:52	350.51	4.8502	21.94	0	0	5	30
05:39:00	353.44	4.8016	21.7	0	0	5	30
05:39:08	356.53	4.7322	21.94	0	0	5	30
05:39:16	359.7	4.6628	21.94	0	0	5	30
05:39:24	3.11	4.6143	23.03	0	0	5	30
05:39:32	6.61	4.7183	21.94	0	0	5	30
05:39:40	10.06	4.6906	22.3	0	0	5	30
05:39:48	13.2	4.6836	22.42	0	0	5	30
05:39:56	15.91	4.649	22.42	0	0	5	30
05:40:04	18.92	4.6143	22.3	0	0	5	30
