STRAND Scenario Report 1.00																																	
MISSION_NAME																																	
Vessel																																	
OS track 0100-0330																																	
GapsFatBowBTH_5-4-04																																	
tla																																	
tla																																	
04:45:00	20/04/2009																																
04:45:05	20/04/2009																																
0																																	
0																																	
0																																	
5																																	
-123456 -654321																																
Time	OS_Status	OS_X	OS_Y	OS_Speed	OS_Heading	Sensor_Status	Sensor_X	Sensor_Y	Sensor_Brg	Sensor_Bacc	Sensor_Freq	Sensor_Facc	Sensor_Speed	Sensor_Heading	Sensor_Type	Msd_Status	Msd_X	Msd_Y	Msd_Speed	Msd_Heading	Prd_Status	Prd_X	Prd_Y	Prd_Brg	Prd_Brg_Acc	Prd_Range	Prd_Range_Acc	Prd_Course	Prd_Cacc	Prd_Speed	Prd_Sacc	Prd_Freq	Prd_Freq_Acc
0	7	6.32	-5555.55	2.70	200.10	0	-999	-999	-999.9	-999.9	-999.9	-999.9	-999.9	-999.9	-999	6	-999.9	-999.9	1.1	11.12	0	-999.9	-999.9	-999.9	-999.9	-999	-999	-999.9	-999.9	-999.9	-999.9	-999.9	-999.9
1	7	6.32	-5555.55	2.70	200.00	0	-999	-999	-999.9	-999.9	-999.9	-999.9	-999.9	-999.9	-999	6	-999.9	-999.9	1.1	11.12	0	-999.9	-999.9	-999.9	-999.9	-999	-999	-999.9	-999.9	-999.9	-999.9	-999.9	-999.9
2	7	6.32	-5555.55	2.70	200.00	0	-999	-999	-999.9	-999.9	-999.9	-999.9	-999.9	-999.9	-999	6	-999.9	-999.9	1.1	11.12	0	-999.9	-999.9	-999.9	-999.9	-999	-999	-999.9	-999.9	-999.9	-999.9	-999.9	-999.9
3	7	6.32	-5521.20	4.60	200.00	0	-999	-999	-999.9	-999.9	-999.9	-999.9	-999.9	-999.9	-999	6	-999.9	-999.9	1.1	11.12	0	-999.9	-999.9	-999.9	-999.9	-999	-999	-999.9	-999.9	-999.9	-999.9	-999.9	-999.9
4	7	6.32	-5555.32	4.70	200.00	0	-999	-999	-999.9	-999.9	-999.9	-999.9	-999.9	-999.9	-999	6	-999.9	-999.9	1.1	11.12	0	-999.9	-999.9	-999.9	-999.9	-999	-999	-999.9	-999.9	-999.9	-999.9	-999.9	-999.9
5	7	6.32	-5543.73	4.80	200.10	0	-999	-999	-999.9	-999.9	-999.9	-999.9	-999.9	-999.9	-999	6	-999.9	-999.9	1.1	11.12	0	-999.9	-999.9	-999.9	-999.9	-999	-999	-999.9	-999.9	-999.9	-999.9	-999.9	-999.9